 # **************************************************************************** #
#                                                                              #
#                                                         :::      ::::::::    #
#    Instructions CDM - liste nbr                       :+:      :+:    :+:    #
#                                                     +:+ +:+         +:+      #
#    By: jquinodo <jquinodo@student.42lausanne.c    +#+  +:+       +#+         #
#                                                 +#+#+#+#+#+   +#+            #
#    Created: 2025/01/10 14:55:34 by jquinodo          #+#    #+#              #
#    Updated: 2025/01/14 16:09:40 by jquinodo         ###   ########.fr        #
#                                                                              #
# **************************************************************************** #


			leaks --atExit -- ./push_swap " 1 2 42 8"


			ARG="2 1 0"; ./push_swap $ARG | ./checker_OS $ARG




NOMBRE NEGATIF ET POSITIF : 100 X

435 563 12 131 -605 258 -96 421 -26 -888 193 -386 -90 117 199 -926 -71 -171 -848 94 445 476 -413 -662 367 567 -158 -799 -265 -812 127 544 -486 -271 558 -477 -742 -12 -10 354 -980 10 173 -106 -952 -430 71 599 -156 443 -499 97 -406 -970 132 571 -879 550 231 253 299 -737 -623 15 467 -838 -994 381 -722 -822 -18 -216 -512 -16 -969 -315 90 -558 407 336 -287 361 323 -805 -162 119 -933 5 488 363 -394 456 -681 -397 -832 487 9 -792 -959 -463
------------------------------
1510 601 1516 966 -209 534 1055 -648 1415 694 -633 -409 1289 1389 1638 1537 -272 277 732 1016 514 915 463 1736 1135 -367 1097 918 385 -671 -320 412 1216 888 255 -237 -681 250 850 720 1085 73 -783 -801 649 129 -435 -518 1185 -842 -458 838 1117 1344 19 60 433 166 1560 1844 1514 1983 362 -679 128 1839 1465 1575 455 799 855 -945 881 -889 1413 1552 1301 1883 570 -121 235 -717 464 -17 1640 -611 1234 973 1078 -425 0 1625 -343 276 1423 1005 -520 111 785 30
------------------------------
-822 -449 367 158 -378 -889 337 483 351 472 292 -410 176 -558 559 -252 -985 -239 -827 -875 594 -509 -556 -376 -290 381 294 -427 -331 -499 -784 -64 -412 284 -84 -10 -591 -357 -669 200 24 -821 -418 199 113 232 -413 315 583 -382 -310 -702 332 -555 30 -210 211 550 -735 537 251 443 -692 -557 450 43 -706 -607 202 -157 -218 -845 119 -997 84 480 -753 -575 -828 316 -260 -287 -804 -520 -17 -605 -146 169 324 114 -708 50 28 411 -782 -55 -974 -684 376 -20

***********************************************

NOMBRE POSITIFS : 500 X

-219 486 101 -751 291 408 522 455 267 42 585 -890 -564 -855 446 -816 239 285 -927 -246 -737 -969 -211 -465 -149 -622 -480 230 -984 435 -196 93 134 -663 37 32 464 -184 -726 572 -621 -630 -156 -316 -532 142 236 -852 -213 184 100 -230 275 487 354 -904 -321 -416 -290 -481 -500 -662 91 -424 -586 -371 -386 -352 -71 -766 -389 -912 -646 58 -606 -866 418 -276 453 76 23 -54 451 -627 -804 -661 459 -840 -58 -231 -884 -358 472 -7 160 -238 527 -552 -814 -980 -355 577 -118 -836 -869 102 411 -84 -933 -453 323 -78 -394 -218 -983 172 417 175 -967 -363 -988 478 -958 -222 -740 -103 -802 -970 212 -134 334 -463 540 293 -575 80 -444 -789 404 -235 -533 -466 -236 -490 65 -307 -978 231 -994 -97 131 -378 -780 174 -456 -580 -608 388 -53 -742 -320 122 33 445 -132 -450 -510 -505 -655 155 -745 -844 -364 -440 -955 -92 -529 -142 -573 -953 -624 151 -427 -863 -968 -541 301 -770 -952 -25 -242 -163 -419 -473 -91 15 -874 506 -685 -66 -428 306 -591 -701 -32 13 331 -548 -89 -733 -65 -979 287 -546 -282 -187 460 457 -362 426 280 -350 -638 -706 36 279 -264 548 -475 395 -948 -412 484 310 -243 591 12 -217 137 -674 -22 412 -647 -511 -384 -225 53 -1 -659 387 -73 -10 -615 163 521 22 -401 482 -763 -369 -455 -797 -493 -583 -596 471 -542 368 -374 -926 222 575 579 -898 -607 434 571 -609 -244 -60 -537 278 -945 -117 -569 -868 322 -297 349 258 515 128 166 -41 -774 -94 -354 -667 -673 -190 112 -347 189 63 394 -168 -122 -114 -743 -342 -464 -460 -678 600 -503 208 -670 -686 71 -871 -81 -861 -23 -694 -260 216 -921 510 -794 369 -825 -934 351 40 342 165 250 -891 283 -791 -123 185 -557 -826 -95 325 -21 386 400 -699 20 399 -449 -4 346 -567 -304 -832 439 -344 -144 -459 493 -82 -730 -508 -838 448 -327 -792 145 205 -284 220 -675 347 512 -545 21 -9 -360 -208 -448 29 461 -438 -469 -709 -331 -960 -524 -90 488 -265 -140 469 31 -141 -995 -413 -380 -989 343 177 -14 -468 -399 -550 360 -303 442 545 367 339 -714 502 504 520 -62 -964 27 321 -556 -645 -104 576 -707 -496 -617 427 -288 92 -929 -474 288 -786 -233 194 -31 -253 582 -298 -472 -641 82 -98 500 -883 -47 -174 -3 -535 308 -520 190 -178 -309 -313 -612 -805 -654 154 129 452 164 -925 -682 -656 -330 491 -69 474 -175 -257 -885 89 -892 47 -34 -599 173 524 -180 -152 -372 -74 -150 -263 253 -818 -961 -42 -207 -205 209 328 -130 -689 -719 -962
-----------------------------
601 499 -93 350 -31 220 571 -88 537 -69 185 665 316 153 -68 255 -21 19 629 201 367 636 -79 387 197 302 565 483 602 435 272 465 331 356 308 614 -13 -91 526 535 694 660 -62 547 349 663 359 225 -76 689 376 278 695 298 490 524 269 576 69 216 485 203 477 30 265 246 672 474 261 42 662 47 294 655 447 124 84 432 382 443 582 692 521 559 431 470 427 572 240 56 454 587 230 407 156 43 311 658 -81 475 422 495 299 -10 592 337 620 677 138 669 245 661 214 579 488 497 52 595 -6 619 666 -11 696 686 638 174 440 549 21 140 267 628 301 334 32 83 144 193 418 457 688 566 449 682 585 370 461 212 155 158 640 239 525 417 238 58 675 210 -94 512 -18 75 647 280 667 687 391 16 351 414 -83 335 482 -30 -25 -44 469 244 659 46 85 693 -19 654 223 90 67 258 645 117 613 379 231 332 486 603 408 167 183 597 322 330 127 509 -14 489 402 -8 510 413 324 -33 86 123 37 181 -20 680 545 64 116 366 342 453 372 467 213 399 494 34 360 518 221 -38 295 -29 415 -22 369 321 136 606 419 72 519 217 104 657 381 505 28 23 664 163 570 -39 504 191 -86 679 617 345 2 491 40 -60 206 673 24 310 452 550 487 373 63 621 -84 586 344 106 466 590 676 627 358 79 254 -50 150 77 53 175 5 -7 27 -16 433 253 400 -75 -78 404 641 303 668 152 480 3 -55 283 -72 307 503 403 652 166 313 -40 87 154 388 71 65 581 293 54 315 560 -85 507 94 364 644 567 219 390 -17 648 314 208 -80 97 121 78 188 -54 20 430 596 105 -96 268 119 564 -3 96 378 -64 463 -24 352 599 514 177 196 172 363 0 29 241 260 336 383 129 317 626 270 215 205 173 222 45 161 -56 279 588 556 401 126 -32 527 605 200 450 306 165 -2 44 -1 118 55 437 11 553 6 396 462 159 468 325 416 375 194 625 133 62 309 481 137 -70 286 -53 389 544 -92 -41 276 -9 622 131 354 8 224 385 328 406 633 187 114 365 4 209 338 551 552 -61 529 26 284 211 574 348 697 100 424 681 473 108 533 362 290 68 479 92 288 111 691 256 623 190 674 318 528 700 -95 445 397 377 656 170 343 139 428 61 14 110 471 242 -5 109 74 326 368 80 263 234 164 132 296 538
-----------------------------------
302 296 375 352 207 125 121 284 441 455 249 462 165 479 257 21 250 129 108 2 430 290 261 66 205 209 146 34 444 98 138 106 414 229 142 145 486 178 471 53 186 89 74 436 10 133 85 109 403 294 13 277 239 152 415 370 494 270 16 391 259 68 315 452 105 321 86 340 397 373 104 297 322 388 94 182 147 179 393 198 490 154 160 456 357 18 139 423 51 100 387 38 169 341 228 226 237 359 95 80 216 166 362 107 215 368 113 318 15 14 438 264 412 118 11 480 32 148 420 306 269 172 390 351 278 467 188 61 244 211 354 114 447 222 298 336 246 197 77 24 212 404 252 238 413 319 347 443 326 173 168 242 401 465 4 243 158 71 461 410 440 90 350 309 498 485 472 262 69 272 355 46 220 253 72 428 99 291 271 110 488 496 232 329 236 424 276 405 342 26 338 29 171 450 199 474 482 76 256 37 263 196 396 70 73 358 151 353 78 116 35 500 135 200 448 132 346 150 407 93 42 382 332 202 227 213 325 343 493 495 230 476 337 333 92 177 281 122 48 379 466 82 115 156 63 45 47 487 130 310 124 231 377 41 327 164 210 280 300 314 203 433 161 79 8 28 67 62 204 54 184 417 174 292 141 437 102 126 287 176 313 383 320 273 251 427 43 478 366 442 449 58 477 323 279 339 224 12 398 454 96 112 136 421 491 380 245 289 36 1 376 344 52 470 282 183 483 489 460 149 451 267 434 411 330 317 463 219 88 445 260 386 83 275 5 64 446 399 274 131 360 81 457 167 31 159 419 55 484 234 6 192 87 9 255 293 453 363 499 316 140 349 348 395 60 334 258 75 356 119 235 473 193 361 301 170 328 248 103 435 155 481 191 117 497 56 157 23 180 189 127 206 194 185 458 464 3 286 378 153 406 311 304 265 426 84 418 214 20 285 345 372 459 49 221 187 469 59 25 134 268 40 143 44 439 371 241 384 240 111 288 27 331 91 65 101 389 308 400 217 17 475 163 367 223 374 181 425 408 492 312 324 195 128 303 50 162 429 137 7 283 364 266 208 394 201 385 225 39 57 254 175 30 381 120 299 402 97 468 190 307 144 431 409 416 22 218 233 305 369 19 365 335 33 247 295 123 392 432 422
----------------------------------
275 492 50 388 173 365 462 421 295 450 248 526 1 523 315 326 9 143 500 584 451 163 539 92 379 174 593 188 551 145 251 183 578 548 561 299 535 43 129 112 348 274 162 398 108 29 79 25 288 518 157 435 342 246 66 383 408 242 87 553 562 370 301 290 574 474 458 187 207 549 369 178 454 82 430 387 376 468 211 389 114 278 361 428 125 467 407 26 521 186 533 219 333 447 46 344 149 240 345 399 89 77 425 402 485 90 400 190 489 589 309 600 223 94 62 85 239 513 427 313 372 84 443 465 546 105 415 184 528 375 444 366 41 416 221 378 538 53 127 130 74 80 544 516 323 33 307 341 437 510 191 104 314 563 176 179 490 93 449 22 206 189 391 147 486 340 137 517 482 541 312 86 296 305 150 117 47 155 417 31 448 224 476 270 395 515 36 359 571 276 325 7 302 177 19 169 146 109 81 433 171 282 590 247 128 367 16 100 231 148 466 469 225 514 556 545 406 508 484 536 119 37 72 167 258 493 585 420 141 442 217 586 413 228 567 34 583 18 478 205 577 441 241 529 424 495 236 15 101 432 284 360 203 21 144 27 453 506 565 475 96 431 384 422 582 488 381 380 364 524 472 519 300 71 587 481 153 494 503 322 374 509 70 598 343 75 116 250 319 6 11 471 235 32 572 44 512 181 198 212 318 234 542 14 550 292 559 464 185 390 260 368 200 55 463 273 429 3 483 543 588 440 477 285 209 552 456 291 394 403 243 135 596 525 160 306 534 487 166 131 547 566 252 182 154 215 10 385 404 226 396 58 121 264 136 540 558 68 298 204 208 118 591 227 158 59 28 599 51 40 460 354 537 49 480 580 579 122 42 511 269 287 501 196 339 193 20 17 244 560 439 30 293 281 303 575 377 45 330 76 371 194 23 256 527 140 238 479 328 419 120 401 436 48 13 199 392 373 445 99 67 532 405 363 65 569 358 564 56 220 470 201 568 386 280 132 286 159 8 504 218 73 411 180 438 245 352 594 317 261 192 214 88 170 267 233 332 64 555 139 5 557 350 262 152 134 410 175 320 324 110 459 434 222 265 461 195 335 294 124 164 102 259 111 297 202 142 357 382 499 249 266 423 60 98 570 229 83 237 351
----------------------
3521 3734 639 4715 2024 -796 4581 4701 4537 5970 585 3493 3950 721 5179 2973 3936 3505 2831 3745 4147 5571 -1025 5114 2651 4694 5451 -1065 956 5538 3181 4906 2792 -424 3711 5371 4081 -119 4625 3187 806 -29 4165 -899 -511 -911 2820 6368 1895 -110 3261 5159 273 -1058 5148 2871 2188 3886 1432 1983 4438 212 799 307 5035 947 521 5559 1315 5234 1763 4943 4227 6194 5395 972 1159 3511 4660 -564 5617 6066 784 426 254 4007 6058 2787 4501 5373 -6 3277 1660 4448 -174 2454 3836 3655 3169 4055 2675 1152 2568 3968 1617 2836 -877 4329 2280 -15 2793 177 3540 -707 5314 1051 5889 107 4911 4919 1451 5100 870 -504 2648 5049 1723 1655 1054 1872 908 1374 335 843 3103 -641 1640 6332 3275 2515 1695 906 6323 1080 652 -180 1388 3195 5638 5936 -387 1629 3659 5930 5357 4339 5703 4058 4775 -194 5135 -799 5900 -211 265 5919 4546 1232 6086 5439 1808 5222 2355 1709 5281 -635 413 2955 -263 4504 1594 -157 5548 4036 1069 3378 4280 899 670 4278 5495 2155 5743 590 4309 4736 1301 5481 5824 1113 5118 3193 2530 -31 1647 5340 5500 2281 6152 1910 4597 3722 2898 5220 3032 178 2502 1004 1160 5755 5810 2488 3901 2067 5642 6046 697 4070 3573 1384 1534 -704 1862 481 4292 1908 4990 6369 4544 2353 1150 4163 4044 35 6358 978 3412 2130 3432 3377 766 6229 3478 6069 3293 1021 2126 -332 2737 -453 2430 3082 3685 1291 -360 3990 6123 2843 672 1816 3024 -961 3214 2178 2858 6353 2684 811 958 6289 5302 -466 5434 5799 2194 5871 4909 1525 -845 3763 6008 4312 4088 2812 854 5236 591 1716 14 -251 3761 545 -328 3431 4343 2000 6050 -785 3981 1949 5997 3917 -96 741 3098 6285 4119 1778 1221 6155 2151 6013 1361 2073 -849 916 5864 -629 2537 -196 1538 5289 3411 3904 2250 2750 3694 4837 955 2285 1940 261 5974 427 4515 535 2383 1105 4519 -132 211 4412 4285 735 3860 494 3769 866 2134 2649 2129 5667 -917 -536 185 43 3534 2600 3688 5915 700 4244 2595 5284 6141 6059 776 1797 4935 4188 4083 6197 2096 2872 5425 3631 4941 3110 5520 -745 6143 632 2440 1387 388 1576 1055 -719 410 1401 3741 992 4540 6167 626 5575 5909 5200 1190 1867 934 1786 4497 3555 2707 1170 1336 -541 -738 2848 308 2627 2638 4449 1403 6286 3416 1435 73 831 -1047 3600 3386 1229 5953 -813 630 1149 200 4480 2535 -21 3552 5037 4623 4327 366 4417 4548 1888 189 2008 5671 2887 3710 6269 5532 -192 4179 4234 4830 3983 -487 1773 4727 653 -278 3908 4379 516 4158 2862 5594 -769 4791 1313 675 4560 6162 2859 3557 5270 932 5286 -967 1672 1332 -959 2695 417 2323 4746 2142 3341 5650 1938 5569 -494 3398 5931
-----------------------
347 21 219 265 188 183 436 30 463 210 574 442 598 482 599 99 61 114 134 236 537 168 546 322 104 90 45 329 317 401 201 252 303 369 514 191 306 569 247 121 551 196 334 14 158 340 260 221 549 249 345 389 357 73 92 374 105 98 540 176 120 82 336 492 272 325 319 331 462 320 352 580 505 315 318 157 189 425 485 37 58 185 585 225 63 197 465 67 448 431 290 375 216 453 253 268 561 358 203 262 116 496 597 10 248 500 192 27 460 97 338 506 523 295 190 419 102 194 74 400 204 140 571 243 150 354 229 377 91 50 351 402 2 49 106 507 339 449 250 299 89 214 88 360 86 129 575 510 131 572 36 455 392 108 44 578 261 457 154 263 294 93 495 146 525 333 125 11 567 55 300 332 483 70 484 464 480 226 292 370 491 119 145 408 179 72 518 468 473 48 101 557 548 372 234 412 384 398 81 68 169 590 173 151 589 241 393 16 298 118 350 390 155 583 308 46 256 139 558 313 127 388 427 516 112 415 270 391 451 195 532 76 426 200 367 471 373 522 330 71 310 531 296 167 239 517 135 440 217 109 399 371 565 576 52 511 277 559 353 84 323 418 8 5 165 237 570 538 519 588 477 206 337 594 232 126 432 533 258 245 31 498 595 246 476 420 26 481 509 355 159 227 273 430 478 381 396 387 417 53 555 573 497 141 542 441 87 289 579 502 410 512 596 215 422 276 536 584 297 530 305 244 566 269 138 560 293 271 240 278 470 275 62 554 279 177 307 83 379 147 47 211 524 288 383 534 19 113 4 64 182 458 409 228 153 316 285 344 25 207 414 544 218 435 242 142 170 128 443 309 162 499 503 78 32 75 526 193 180 213 39 187 364 42 539 437 110 456 132 556 56 59 378 424 20 287 394 361 439 231 553 212 156 447 3 163 267 23 433 428 591 403 434 103 166 504 386 117 283 17 205 348 461 43 423 133 41 356 508 40 264 291 280 174 528 178 233 130 545 304 405 184 152 321 202 547 51 186 34 85 137 274 515 181 66 486 281 520 123 160 326 7 257 107 15 9 359 501 407 327 342 475 564 324 175 235 28 251 171 529 587 60 94 488 122 489 13 363 335 469 100 563 224 438 54 593 144 479 198 416
--------------------------------------------------
302 296 375 352 207 125 121 284 441 455 249 462 165 479 257 21 250 129 108 2 430 290 261 66 205 209 146 34 444 98 138 106 414 229 142 145 486 178 471 53 186 89 74 436 10 133 85 109 403 294 13 277 239 152 415 370 494 270 16 391 259 68 315 452 105 321 86 340 397 373 104 297 322 388 94 182 147 179 393 198 490 154 160 456 357 18 139 423 51 100 387 38 169 341 228 226 237 359 95 80 216 166 362 107 215 368 113 318 15 14 438 264 412 118 11 480 32 148 420 306 269 172 390 351 278 467 188 61 244 211 354 114 447 222 298 336 246 197 77 24 212 404 252 238 413 319 347 443 326 173 168 242 401 465 4 243 158 71 461 410 440 90 350 309 498 485 472 262 69 272 355 46 220 253 72 428 99 291 271 110 488 496 232 329 236 424 276 405 342 26 338 29 171 450 199 474 482 76 256 37 263 196 396 70 73 358 151 353 78 116 35 500 135 200 448 132 346 150 407 93 42 382 332 202 227 213 325 343 493 495 230 476 337 333 92 177 281 122 48 379 466 82 115 156 63 45 47 487 130 310 124 231 377 41 327 164 210 280 300 314 203 433 161 79 8 28 67 62 204 54 184 417 174 292 141 437 102 126 287 176 313 383 320 273 251 427 43 478 366 442 449 58 477 323 279 339 224 12 398 454 96 112 136 421 491 380 245 289 36 1 376 344 52 470 282 183 483 489 460 149 451 267 434 411 330 317 463 219 88 445 260 386 83 275 5 64 446 399 274 131 360 81 457 167 31 159 419 55 484 234 6 192 87 9 255 293 453 363 499 316 140 349 348 395 60 334 258 75 356 119 235 473 193 361 301 170 328 248 103 435 155 481 191 117 497 56 157 23 180 189 127 206 194 185 458 464 3 286 378 153 406 311 304 265 426 84 418 214 20 285 345 372 459 49 221 187 469 59 25 134 268 40 143 44 439 371 241 384 240 111 288 27 331 91 65 101 389 308 400 217 17 475 163 367 223 374 181 425 408 492 312 324 195 128 303 50 162 429 137 7 283 364 266 208 394 201 385 225 39 57 254 175 30 381 120 299 402 97 468 190 307 144 431 409 416 22 218 233 305 369 19 365 335 33 247 295 123 392 432 422
--------------------------------------
587 364 -860 -619 626 -839 155 168 -99 500 344 -634 746 -702 119 924 -237 558 -202 494 -526 69 -362 -681 -900 286 -51 319 400 -607 -962 519 526 -213 528 -264 -303 831 698 -129 225 -342 -840 -252 -557 153 264 -360 525 -220 -592 -761 -159 -627 -200 -66 996 -45 -137 -204 -94 -118 -633 -740 -352 -744 -311 63 -804 182 -61 606 250 507 907 563 -55 -995 -790 -783 799 -30 121 402 -341 -450 -644 759 -299 -379 580 -333 902 791 993 -977 -686 999 502 -78 -717 752 883 819 278 -528 753 -861 160 113 666 -613 991 -516 381 -1 -273 664 175 -366 517 38 -567 703 95 164 -116 33 508 -863 189 -587 -943 156 32 -759 -864 453 -555 489 -463 995 669 -754 695 -336 -942 931 751 224 595 805 -632 -307 -768 -243 -609 202 76 946 612 685 -525 -799 282 -698 -690 675 -945 -796 548 232 -808 291 -697 -894 880 499 913 -258 -937 -242 -682 -405 411 -500 588 -774 910 -77 349 -21 281 -950 -750 137 -498 -459 -385 -255 -254 826 792 167 865 430 -296 246 702 -84 -291 886 51 -239 529 -214 -422 -890 -858 -292 600 -460 -832 -825 -510 395 596 -468 851 -838 248 -36 445 -668 -451 84 -294 -412 -308 -566 965 413 418 -569 531 821 460 -148 -187 74 -795 304 -372 -780 -805 871 -784 78 604 -889 -100 407 -831 387 -924 194 -370 -961 13 -38 484 287 62 -530 -982 -276 -27 101 705 -149 401 966 -601 -419 -339 -108 -310 -104 889 37 520 728 723 -196 476 -773 295 428 472 -820 -623 328 170 -955 961 333 -461 939 229 -198 442 724 -577 873 -289 796 452 329 688 -174 817 257 909 689 630 -597 732 -175 90 -285 -33 761 -68 60 -203 772 -502 -891 217 560 468 -612 -469 -95 253 151 378 302 -909 -50 806 -60 -231 236 21 199 -6 -735 11 -436 -46 920 576 458 -843 943 157 -535 -583 -201 -13 -683 -665 921 459 -491 957 892 699 -572 187 810 327 879 -257 -453 978 -755 454 782 163 303 482 874 -733 -814 949 619 713 1 -134 426 -107 422 -402 -916 404 512 373 672 456 -347 96 575 936 -395 -914 959 351 -710 -571 377 -964 756 -958 -615 -965 -785 -971 -915 903 -140 -130 651 975 -575 1000 -205 -868 768 955 904 598 -503 839 268 716 597 239 523 -752 -383 -178 -298 89 -497 -320 -886 -727 -364 206 -4 -12 -734 -705 -533 -193 290 -181 773 -756 184 53 -854 332 603 -86 -248 -219 895 357 -226 816 -380 704 311 627 284 -330 -457 -800 -332 -444 -482 670 -87 -314 -570 929 945

*************************************************